0 0.8639184397163121 0.25000000000000017 0.7539893617021277 0.25000000000000017 0.7539893617021277 0.6316489361702129 0.8639184397163121 0.6316489361702129
0 0.5558510638297872 0.4109042553191491 0.49113475177304966 0.4109042553191491 0.49113475177304966 0.552526595744681 0.5558510638297872 0.552526595744681
0 0.11702127659574468 0.15492021276595747 0.04787234042553193 0.15492021276595744 0.047872340425531935 0.3078457446808511 0.11702127659574468 0.3078457446808511
0 0.45523049645390073 0.17154255319148945 0.39937943262411346 0.17154255319148945 0.39937943262411346 0.28590425531914904 0.45523049645390073 0.28590425531914904
0 0.5589539007092199 0.6256648936170214 0.5031028368794326 0.6256648936170214 0.5031028368794326 0.7985372340425532 0.5589539007092199 0.7985372340425532
0 0.21631205673758871 0.6735372340425532 0.19148936170212771 0.6735372340425532 0.19148936170212771 0.71875 0.21631205673758871 0.71875
7 0.26418439716312064 0.7167553191489362 0.2300531914893618 0.7167553191489362 0.2300531914893618 0.7852393617021277 0.26418439716312064 0.7852393617021277
0 0.12721631205673764 0.6668882978723404 0.07136524822695041 0.6668882978723404 0.07136524822695042 0.7965425531914894 0.12721631205673764 0.7965425531914894
7 0.05673758865248233 0.6569148936170213 0.01507092198581566 0.6569148936170213 0.015070921985815663 0.7752659574468085 0.056737588652482344 0.7752659574468085
0 0.19592198581560288 0.4175531914893617 0.1387411347517731 0.4175531914893617 0.1387411347517731 0.5492021276595744 0.19592198581560288 0.5492021276595744
7 0.09796099290780146 0.4242021276595745 0.045656028368794364 0.4242021276595745 0.045656028368794364 0.5352393617021277 0.09796099290780147 0.5352393617021277